16990071
12164686
8921587
7845289
6627673
6260769
4906240
4494246
3659983
3655410
3287195
3241963
2886516
2878825
2664827
2604706
2277347
2079486
2052962
1947289
1782891
1659831
1604734
1272212
921478
802867
768008
721375
688112
678243
677524
643000
632817
614635
589609
538481
482842
474799
461435
449739
415049
375889
370719
342287
342124
339995
338326
333829
330079
306444
300248
296208
279153
259464
249124
247554
239604
238520
214627
202181
200000
167705
165794
157353
154764
151622
150607
148130
140167
140084
139097
137898
131941
129524
113700
111572
109845
109327
108934
107655
106781
104946
100329
99216
98377
96297
92515
91460
89864
88030
88024
87512
84729
82938
81664
80704
80001
76601
74167
73393
72979
72696
71296
69521
65829
65241
64266
62538
61325
60925
60029
59826
59737
57609
57156
56522
55804
54619
54612
54115
52458
49712
49245
46568
46219
45385
44736
44212
42117
41296
40936
40737
40288
38922
37857
36222
35701
35303
34380
33836
31788
31778
31569
31260
31078
30992
30624
29866
29410
28658
27113
26705
26042
25890
25725
25693
25465
24874
23871
22130
21619
20751
20672
20015
19089
18897
17801
16299
15825
15594
15237
14623
14064
12561
11449
11360
10653
9184
8730
8703
7957
7920
7600
7012
6266
6147
6076
6063
5366
5078
4962
4744
3845
3536
3458
3325
3129
1172
